0.0 0.0 -13.434
-0.405 -0.335 -14.806
-0.833 -0.665 -16.315
-1.284 -0.989 -17.966
-1.757 -1.306 -19.762
-2.253 -1.618 -21.708
-2.77 -1.924 -23.807
-3.308 -2.224 -26.061
-3.866 -2.519 -28.474
-4.445 -2.807 -31.047
-5.044 -3.09 -33.782
-5.662 -3.367 -36.679
-6.298 -3.638 -39.739
-6.953 -3.904 -42.961
-7.626 -4.164 -46.345
-8.317 -4.419 -49.888
-9.024 -4.667 -53.589
-9.748 -4.91 -57.445
-10.489 -5.148 -61.451
-11.245 -5.38 -65.604
-12.016 -5.606 -69.898
-12.802 -5.827 -74.328
-13.602 -6.043 -78.887
-14.416 -6.253 -83.567
-15.244 -6.457 -88.362
-16.085 -6.656 -93.261
-16.938 -6.85 -98.256
-17.803 -7.038 -103.337
-18.68 -7.221 -108.492
-19.568 -7.399 -113.71
-20.467 -7.571 -118.979
-21.376 -7.738 -124.285
-22.296 -7.899 -129.615
-23.224 -8.056 -134.956
-24.161 -8.207 -140.291
-25.107 -8.353 -145.605
-26.061 -8.493 -150.884
-27.023 -8.629 -156.109
-27.992 -8.759 -161.266
-28.967 -8.885 -166.335
-29.949 -9.005 -171.301
-30.937 -9.12 -176.144
-31.93 -9.23 -180.848
-32.928 -9.335 -185.395
-33.93 -9.435 -189.766
-34.936 -9.53 -193.944
-35.946 -9.62 -197.911
-36.959 -9.705 -201.65
-37.975 -9.785 -205.143
-38.993 -9.86 -208.376
-40.013 -9.93 -211.331
-41.034 -9.995 -213.993
-42.055 -10.056 -216.349
-43.078 -10.112 -218.384
-44.1 -10.162 -220.087
-45.122 -10.209 -221.446
-46.143 -10.25 -222.452
-47.162 -10.286 -223.096
-48.18 -10.318 -223.37
-49.196 -10.346 -223.27
-50.208 -10.368 -222.791
-51.218 -10.386 -221.931
-52.224 -10.399 -220.689
-53.226 -10.408 -219.068
-54.223 -10.412 -217.069
-55.216 -10.411 -214.698
-56.203 -10.406 -211.961
-57.184 -10.396 -208.868
-58.159 -10.382 -205.429
-59.127 -10.363 -201.656
-60.088 -10.34 -197.562
-61.041 -10.313 -193.164
-61.987 -10.281 -188.479
-62.923 -10.245 -183.525
-63.851 -10.204 -178.322
-64.769 -10.159 -172.892
-65.677 -10.109 -167.256
-66.575 -10.056 -161.439
-67.462 -9.998 -155.464
-68.338 -9.935 -149.355
-69.203 -9.869 -143.138
-70.055 -9.798 -136.838
-70.894 -9.723 -130.481
-71.721 -9.644 -124.091
-72.534 -9.561 -117.695
-73.333 -9.473 -111.317
-74.117 -9.382 -104.98
-74.887 -9.286 -98.709
-75.641 -9.186 -92.527
-76.38 -9.083 -86.454
-77.103 -8.975 -80.511
-77.809 -8.863 -74.717
-78.498 -8.747 -69.091
-79.169 -8.627 -63.649
-79.822 -8.504 -58.405
-80.457 -8.376 -53.373
-81.073 -8.245 -48.565
-81.67 -8.109 -43.99
-82.247 -7.97 -39.656
-82.804 -7.827 -35.571
-83.34 -7.68 -31.739
-83.34 -7.68 -17.072
-83.853 -7.526 -15.29
-84.34 -7.361 -13.706
-84.803 -7.185 -12.306
-85.241 -6.998 -11.075
-85.654 -6.801 -9.998
-86.044 -6.593 -9.065
-86.41 -6.375 -8.263
-86.753 -6.146 -7.581
-87.073 -5.907 -7.011
-87.37 -5.658 -6.543
-87.645 -5.398 -6.171
-87.898 -5.128 -5.887
-88.13 -4.848 -5.688
-88.341 -4.558 -5.569
-88.531 -4.258 -5.527
-88.7 -3.947 -5.562
-88.849 -3.627 -5.672
-88.979 -3.298 -5.859
-89.089 -2.958 -6.125
-89.18 -2.609 -6.472
-89.252 -2.25 -6.905
-89.306 -1.881 -7.428
-89.342 -1.503 -8.048
-89.36 -1.116 -8.769
-89.361 -0.719 -9.602
-89.345 -0.313 -10.552
-89.312 0.103 -11.631
-89.263 0.528 -12.847
-89.199 0.961 -14.213
-89.118 1.404 -15.741
-89.022 1.856 -17.444
-88.912 2.317 -19.339
-88.786 2.787 -21.441
-88.647 3.265 -23.771
-88.494 3.752 -26.35
-88.327 4.248 -29.204
-88.147 4.753 -32.36
-87.954 5.266 -35.851
-87.749 5.788 -39.717
-87.532 6.318 -44.001
-87.303 6.857 -48.756
-87.063 7.403 -54.046
-86.811 7.959 -59.946
-86.549 8.522 -66.549
-86.276 9.093 -73.967
-85.994 9.673 -82.34
-85.701 10.26 -91.845
-85.4 10.856 -102.709
-85.089 11.459 -115.221
-84.77 12.07 -129.77
-84.443 12.689 -146.874
-84.107 13.315 -167.254
-83.764 13.95 -191.934
-83.414 14.591 -222.42
-83.057 15.241 -261.026
-82.693 15.897 -311.497
-82.323 16.561 -380.315
-81.948 17.233 -479.758
-81.566 17.911 -636.248
-81.18 18.597 -918.94
-80.789 19.29 -1584.778
-80.393 19.99 -5063.022
-79.994 20.697 4659.772
-79.59 21.411 1646.225
-79.183 22.132 1017.347
-78.773 22.859 744.691
-78.361 23.594 592.17
-77.946 24.335 494.562
-77.529 25.082 426.618
-77.11 25.837 376.508
-76.69 26.597 337.951
-76.269 27.364 307.305
-75.847 28.138 282.312
-75.426 28.918 261.498
-75.004 29.704 243.86
-74.582 30.496 228.692
-74.162 31.294 215.484
-73.742 32.099 203.856
-73.324 32.909 193.521
-72.908 33.725 184.258
-72.494 34.548 175.894
-72.082 35.376 168.292
-71.674 36.209 161.342
-71.268 37.049 154.953
-70.866 37.894 149.053
-70.468 38.744 143.581
-70.074 39.6 138.485
-69.685 40.462 133.725
-69.301 41.329 129.263
-68.922 42.201 125.069
-68.549 43.078 121.117
-68.181 43.961 117.385
-67.82 44.848 113.854
-67.466 45.741 110.506
-67.119 46.639 107.327
-66.779 47.542 104.305
-66.447 48.449 101.428
-66.123 49.361 98.687
-65.807 50.278 96.073
-65.5 51.2 93.578
